0|0|0.0|39|100|40|3945714430;
0|0|0.0|39|100|40|3945715656;
0|0|0.0|39|96|40|3945716940;
1388|0|18.8|39|26|40|3945718218;
1394|0|16.5|39|36|41|3945719538;
1296|0|19.2|39|33|41|3945721113;
1334|0|18.4|39|33|40|3945723186;
1318|0|18.0|39|38|39|3945724493;
1332|0|21.2|39|38|39|3945725690;
1288|0|22.4|39|34|39|3945726884;
1390|0|17.3|39|30|39|3945728125;
1346|0|16.9|39|30|40|3945729350;
1336|0|16.5|39|30|40|3945730678;
1344|0|16.1|39|29|41|3945731950;
1345|0|16.1|39|29|41|3945733390;
1313|0|16.9|39|30|42|3945734651;
1331|0|16.9|39|31|42|3945735953;
1230|0|23.5|39|46|42|3945737230;
1287|3|24.3|39|38|42|3945738594;
949|0|25.5|39|48|42|3945739951;
1262|0|46.3|39|79|42|3945741376;
1008|6|47.8|39|65|43|3945742625;
1376|10|32.9|39|53|44|3945744010;
1769|12|26.3|39|43|44|3945745357;
1998|13|11.8|39|24|45|3945746680;
1521|12|12.9|39|45|45|3945748010;
1069|11|47.5|39|52|45|3945749418;
976|12|20.0|39|34|45|3945750815;
911|11|20.0|39|34|45|3945752124;
846|10|19.6|39|33|46|3945753336;
1031|9|18.0|39|31|46|3945754507;
1059|8|18.4|39|33|47|3945755643;
881|0|22.4|39|38|47|3945756796;
1031|0|43.1|39|70|47|3945758268;
845|3|44.7|39|42|48|3945759439;
1245|3|18.4|39|33|48|3945760702;
1334|0|16.5|39|57|48|3945762071;
1279|0|35.7|39|45|48|3945763333;
831|5|27.1|39|60|48|3945764703;
1107|7|30.6|39|49|48|3945765981;
1549|11|14.1|39|27|48|3945767263;
1223|11|49.8|39|61|49|3945768630;
1240|15|33.7|39|30|49|3945769944;
1420|17|12.2|39|27|50|3945771307;
1486|18|22.4|39|43|50|3945772561;
1677|21|23.5|39|46|51|3945773870;
1890|24|25.9|38|23|51|3945775209;
1554|26|29.4|38|55|51|3945776578;
1594|29|31.8|38|54|51|3945777948;
1768|32|11.0|38|22|51|3945779383;
1876|34|11.0|38|22|51|3945780802;
1981|36|11.0|38|22|52|3945782136;
2101|38|11.0|38|22|52|3945783416;
2177|40|11.0|38|22|52|3945784647;
2205|40|11.0|38|22|52|3945785978;
2172|40|11.0|38|22|53|3945787337;
2052|39|11.4|38|22|53|3945788802;
1556|39|11.0|38|22|53|3945790127;
1576|39|11.0|38|22|54|3945791433;
1566|39|10.6|38|22|54|3945792839;
1557|39|10.6|38|22|54|3945794255;
1531|39|10.6|38|22|54|3945795577;
1538|38|11.0|38|92|54|3945796871;
2020|38|10.2|38|22|54|3945798172;
1959|34|10.6|38|23|55|3945799509;
1387|25|13.7|38|30|55|3945800856;
964|13|18.0|38|33|55|3945802190;
948|6|16.5|38|30|55|3945803529;
856|6|15.3|38|31|56|3945804865;
739|7|20.4|38|34|56|3945806138;
824|3|18.0|38|34|57|3945807457;
835|0|18.4|38|34|57|3945808763;
800|0|18.8|38|46|57|3945810079;
850|6|31.4|38|48|57|3945811384;
1248|8|26.7|38|45|57|3945812706;
1477|10|23.9|38|26|57|3945814067;
1152|11|32.5|38|78|57|3945815296;
1091|13|52.9|39|82|57|3945816659;
1538|19|40.4|39|62|57|3945817987;
1969|24|23.1|38|22|58|3945819326;
2030|25|11.0|38|23|58|3945820683;
1840|23|11.4|38|24|58|3945822133;
1432|16|14.5|38|29|58|3945823552;
1026|12|16.1|38|29|58|3945824889;
964|6|16.5|38|30|59|3945826267;
907|3|18.8|38|34|59|3945827602;
900|4|35.3|38|62|59|3945828941;
1356|9|14.9|38|26|60|3945830318;
952|10|39.6|38|58|60|3945831633;
1064|13|34.9|38|56|60|3945833004;
1372|17|29.8|38|36|60|3945834268;
1563|19|11.4|38|22|60|3945835592;
1542|19|10.6|38|22|60|3945836960;
1501|18|10.6|38|21|60|3945838303;
1476|18|10.6|38|22|60|3945839649;
1433|17|11.0|38|22|60|3945841051;
1392|17|11.0|38|22|60|3945842382;
1340|16|11.0|38|22|61|3945843658;
1268|16|11.4|38|23|61|3945844926;
1145|14|14.1|38|28|61|3945846262;
925|9|17.3|38|34|61|3945847650;
885|3|16.9|38|30|61|3945848982;
814|0|16.9|38|31|62|3945850323;
785|0|16.5|38|31|62|3945851619;
794|0|16.1|38|30|62|3945852872;
790|0|16.5|38|31|63|3945854162;
799|0|16.9|38|31|63|3945855373;
807|0|16.9|38|31|63|3945856722;
788|0|16.9|38|30|63|3945858062;
779|0|17.3|38|31|63|3945859336;
793|0|16.5|38|31|63|3945860661;
796|0|16.1|38|31|63|3945862017;
791|0|16.5|39|32|63|3945863292;
802|0|16.5|39|31|63|3945864598;
813|0|16.5|39|31|63|3945865971;
779|0|16.5|39|31|63|3945867301;
798|0|16.5|39|31|63|3945868667;
807|0|16.1|39|31|63|3945870071;
785|0|16.5|39|30|63|3945871381;
789|0|18.8|39|36|63|3945872660;
1376|0|34.9|39|62|63|3945873983;
975|7|40.4|39|56|63|3945875402;
1793|12|13.3|39|24|63|3945876719;
1280|13|49.8|38|67|63|3945878027;
1184|15|41.2|38|65|63|3945879386;
1491|18|45.1|38|92|64|3945880770;
1977|25|65.1|38|109|64|3945881921;
2611|32|62.4|38|121|65|3945883026;
3309|43|88.6|37|141|65|3945884159;
4322|54|67.8|37|141|66|3945885335;
5178|65|80.4|36|154|66|3945886641;
6193|78|87.5|36|25|67|3945887887;
4633|77|8.6|35|22|68|3945889124;
2955|75|9.0|35|22|69|3945890338;
2108|73|13.7|35|48|69|3945891423;
2314|71|37.3|35|69|69|3945892605;
2318|71|43.1|35|77|69|3945893795;
2336|72|47.5|35|85|70|3945895133;
2374|73|50.2|35|86|70|3945896365;
2393|74|49.8|35|86|71|3945897618;
2415|75|49.8|36|86|72|3945899012;
2439|75|47.5|36|79|72|3945900334;
2454|76|41.6|35|71|72|3945901657;
2439|75|40.0|35|71|73|3945903037;
2430|75|39.6|35|70|74|3945904375;
2426|75|38.8|35|20|74|3945905629;
2376|73|10.2|35|21|75|3945906967;
2259|69|10.2|35|21|75|3945908257;
2147|66|10.2|35|21|75|3945909605;
2047|63|10.2|35|21|75|3945910886;
1846|59|14.5|35|19|74|3945912296;
2236|57|10.2|35|21|74|3945913650;
2125|53|10.2|35|22|73|3945915096;
1881|47|10.2|35|22|73|3945916345;
1511|38|11.0|36|23|73|3945917638;
1106|27|13.7|36|27|73|3945918979;
1017|17|12.5|36|24|72|3945920302;
985|11|15.7|36|29|72|3945921702;
934|9|14.5|36|28|72|3945923036;
935|2|16.5|36|32|72|3945924400;
775|0|17.6|36|33|72|3945925761;
741|0|17.6|36|32|72|3945927120;
749|0|18.0|36|32|72|3945928518;
761|0|18.4|36|33|72|3945929824;
785|0|18.4|36|33|72|3945931180;
757|0|18.4|36|32|72|3945932528;
753|0|18.4|36|64|72|3945933882;
1335|0|34.5|36|70|72|3945935191;
1128|8|45.9|36|65|72|3945936503;
1996|14|12.2|36|72|72|3945937931;
1269|15|61.2|36|98|72|3945939237;
1817|23|61.2|36|104|71|3945940595;
2511|32|11.4|36|23|71|3945941880;
1706|32|52.9|36|97|71|3945943228;
2014|37|58.4|36|101|71|3945944601;
2333|43|58.4|36|99|71|3945945887;
2633|48|54.1|36|21|71|3945947212;
1795|50|11.4|35|23|71|3945948572;
1038|49|18.4|35|26|71|3945949938;
1100|47|49.4|35|20|71|3945951270;
2000|46|11.4|35|23|71|3945952620;
1143|45|11.8|35|29|70|3945953951;
1709|44|60.0|35|120|71|3945955291;
1912|48|73.7|35|125|70|3945956665;
2109|53|73.3|35|123|70|3945957994;
2297|59|71.8|35|108|70|3945959360;
2412|61|8.6|35|20|71|3945960617;
1908|59|11.0|35|19|71|3945961949;
1855|57|9.8|35|21|71|3945963296;
1630|54|11.0|35|22|70|3945964578;
992|53|13.3|35|27|70|3945965891;
1068|52|14.1|35|27|71|3945967201;
1131|50|41.2|35|20|71|3945968478;
1833|48|10.6|35|21|70|3945969919;
1847|46|16.9|35|36|70|3945971276;
1828|46|26.3|35|49|70|3945972527;
1853|46|27.8|35|51|69|3945973829;
1872|47|12.2|36|21|69|3945975210;
1801|45|11.0|36|23|69|3945976603;
1709|43|11.4|36|23|69|3945977941;
1614|40|11.8|36|24|69|3945979271;
1523|38|11.8|36|24|69|3945980607;
1419|35|12.2|36|24|69|3945981941;
1234|30|12.9|36|26|69|3945983286;
1072|27|13.7|36|28|69|3945984558;
1041|21|14.9|36|28|69|3945985943;
1012|12|14.5|36|27|69|3945987279;
995|7|14.5|36|28|69|3945988604;
900|5|16.5|36|32|69|3945989866;
889|4|15.3|36|29|69|3945991228;
783|2|15.7|36|30|69|3945992652;
749|0|15.7|36|29|70|3945994018;
756|0|15.7|36|29|70|3945995360;
776|0|16.1|36|30|70|3945996713;
764|0|16.9|36|34|70|3945998066;
800|0|19.2|36|34|70|3945999360;
796|0|28.6|36|47|70|3946000680;
1095|0|36.1|36|70|70|3946002050;
1165|8|43.1|36|65|70|3946003282;
2019|14|12.9|37|23|70|3946004578;
1314|15|44.3|36|75|70|3946005861;
1456|18|45.9|36|86|70|3946007280;
1947|24|46.3|36|79|70|3946008648;
2395|30|42.7|36|71|70|3946009977;
2146|33|10.2|36|62|70|3946011441;
1822|33|51.0|36|91|70|3946012639;
2002|37|57.3|36|97|70|3946013929;
2238|41|55.7|36|95|71|3946015185;
2477|45|46.3|36|18|71|3946016551;
2476|45|9.8|35|41|72|3946017976;
2370|43|27.5|35|55|72|3946019333;
2431|44|32.5|35|23|72|3946020614;
1872|44|43.5|35|76|72|3946021948;
1822|46|41.6|35|75|72|3946023270;
1911|48|47.5|35|77|72|3946024652;
2026|51|45.1|35|79|72|3946026039;
2130|54|44.3|35|72|72|3946027349;
2222|56|38.4|35|68|73|3946028751;
2319|59|34.5|35|63|73|3946030112;
2405|61|9.8|35|23|73|3946031428;
1839|61|9.4|35|22|73|3946032726;
1924|59|10.6|35|22|74|3946034086;
1899|59|10.6|35|22|73|3946035447;
1877|58|10.6|35|22|73|3946036841;
1860|57|10.6|35|22|73|3946038138;
1840|56|10.6|35|22|72|3946039538;
1813|56|10.2|35|22|72|3946040881;
1790|55|11.4|36|29|72|3946042205;
1790|55|17.6|36|34|72|3946043492;
1820|56|18.4|36|34|72|3946044841;
1837|56|18.0|36|35|72|3946046231;
1826|57|10.2|36|45|72|3946047444;
1851|57|29.8|36|55|72|3946048640;
1892|58|30.2|36|54|72|3946049901;
1929|59|29.8|36|26|72|3946051136;
1577|59|38.4|36|93|72|3946052299;
1679|61|62.0|36|136|72|3946053546;
1786|65|72.9|36|163|72|3946054782;
1894|69|86.7|36|196|72|3946056030;
2044|75|94.1|36|29|72|3946057283;
2094|76|7.5|36|21|73|3946058358;
2049|74|8.6|36|21|73|3946059491;
2015|73|9.8|36|21|73|3946060662;
1990|71|9.8|36|21|72|3946061844;
1927|70|9.8|36|21|72|3946063046;
1893|69|9.8|36|24|72|3946064233;
2095|68|9.0|36|18|72|3946065443;
2150|66|9.8|36|21|72|3946066591;
2095|65|13.3|36|31|72|3946067749;
2083|64|21.2|36|42|71|3946068925;
2088|64|23.9|36|45|71|3946070099;
2094|65|24.7|36|45|71|3946071356;
2104|65|25.1|36|45|71|3946072497;
2116|65|24.7|36|47|71|3946073681;
2112|65|25.5|36|46|71|3946074960;
2106|65|25.5|36|46|71|3946076386;
2089|64|25.9|36|47|71|3946077630;
2053|63|25.5|36|47|71|3946078902;
2012|62|25.9|36|47|71|3946080158;
1977|61|13.7|36|21|71|3946081428;
1887|58|11.0|36|23|71|3946082792;
1639|50|11.8|36|23|71|3946084141;
1389|42|12.5|36|30|71|3946085531;
1091|34|12.2|36|24|71|3946086899;
1173|28|13.7|36|26|71|3946088238;
970|21|14.9|36|29|71|3946089523;
924|11|14.9|36|29|72|3946090782;
895|5|16.5|36|32|72|3946092048;
891|4|14.5|36|29|72|3946093328;
791|0|15.7|36|30|72|3946094756;
728|0|15.7|36|30|72|3946096066;
744|0|15.3|36|29|72|3946097440;
755|0|15.3|36|29|72|3946098822;
765|0|15.7|36|30|72|3946100276;
757|0|15.7|36|30|72|3946101560;
758|0|15.7|37|34|72|3946102880;
813|0|18.8|37|35|72|3946104163;
776|0|19.6|37|33|72|3946105573;
734|0|18.0|37|34|72|3946106834;
761|0|17.6|37|33|72|3946108153;
778|0|18.0|37|33|73|3946109439;
747|0|18.8|37|31|73|3946110727;
736|0|17.3|37|31|73|3946111990;
751|0|15.7|37|30|73|3946113272;
757|0|15.3|37|30|73|3946114638;
766|0|15.3|37|30|73|3946115971;
780|0|15.7|37|30|73|3946117335;
744|0|15.7|37|30|73|3946118645;
763|0|15.7|37|30|73|3946119946;
777|0|16.1|37|30|73|3946121352;
789|0|21.2|37|65|73|3946122641;
1188|0|52.5|37|88|73|3946124014;
1644|12|39.2|37|24|72|3946125462;
1531|14|47.1|37|96|72|3946126770;
1558|19|62.4|37|105|72|3946128113;
2271|29|10.6|37|22|72|3946129430;
1393|28|40.0|36|75|72|3946130709;
1737|32|34.9|36|65|72|3946132057;
1962|35|36.1|37|83|72|3946133440;
2249|42|53.7|36|38|72|3946134797;
1820|45|9.8|36|20|72|3946136117;
1734|43|10.2|36|22|73|3946137427;
1666|42|10.6|36|45|73|3946138827;
1656|42|36.1|36|75|73|3946140111;
1746|44|40.8|36|27|73|3946141410;
1748|44|9.4|36|22|73|3946142739;
1695|42|11.0|36|23|73|3946143911;
1624|41|11.4|36|23|73|3946145141;
1541|39|11.8|36|23|73|3946146355;
1455|36|11.8|36|24|73|3946147719;
1291|32|12.5|36|30|73|3946149004;
1188|29|11.0|36|30|72|3946150374;
1588|29|22.0|36|45|73|3946151668;
1671|30|26.7|36|51|72|3946152948;
1802|33|27.5|36|50|72|3946154262;
1969|36|28.2|36|49|72|3946155625;
2136|39|9.8|37|20|72|3946156973;
2226|40|28.2|37|49|72|3946158211;
2311|42|24.3|37|20|72|3946159462;
2415|44|10.6|36|22|72|3946160847;
2362|43|11.0|36|23|72|3946162258;
2197|39|11.0|36|23|72|3946163570;
1977|35|11.0|36|23|72|3946164940;
1821|33|11.0|36|23|72|3946166262;
1788|32|10.6|36|23|71|3946167644;
1704|31|11.0|37|23|71|3946168971;
1662|30|11.0|37|23|71|3946170346;
1577|28|11.4|37|23|71|3946171655;
1373|24|11.8|37|28|70|3946173012;
1053|19|14.5|37|28|70|3946174415;
990|12|14.5|37|28|70|3946175847;
888|7|16.5|37|31|70|3946177223;
886|5|17.3|37|35|71|3946178552;
894|2|14.1|37|30|71|3946179925;
749|0|15.7|37|30|71|3946181150;
755|0|15.3|37|30|72|3946182516;
758|0|15.3|37|30|72|3946183949;
762|0|16.1|38|29|72|3946185238;
765|0|15.3|38|30|72|3946186570;
757|0|16.1|38|30|72|3946187915;
764|0|15.7|38|30|72|3946189260;
763|0|15.7|38|30|72|3946190627;
750|0|15.7|38|34|72|3946192010;
805|0|18.8|38|34|72|3946193332;
793|0|33.7|38|53|72|3946194605;
1024|6|38.4|38|54|72|3946195938;
1637|12|25.1|38|25|72|3946197165;
1308|13|43.9|38|62|72|3946198568;
1360|17|20.0|38|23|72|3946199996;
1443|18|10.6|38|22|72|3946201321;
1465|17|25.5|38|49|72|3946202571;
1615|20|28.6|38|52|72|3946203806;
1902|23|25.5|38|24|72|3946205138;
1463|25|28.2|38|38|72|3946206450;
1458|27|10.6|38|21|72|3946207813;
1466|26|11.0|38|24|73|3946209094;
1395|25|11.4|38|23|73|3946210244;
1363|25|11.8|38|35|73|3946211389;
1363|25|18.8|38|32|73|3946212563;
1418|26|10.6|38|22|73|3946213828;
1449|26|11.0|38|21|73|3946215105;
1418|25|10.6|38|22|73|3946216332;
1389|25|11.0|38|22|73|3946217629;
1244|22|12.2|38|25|73|3946218934;
983|17|12.9|38|27|73|3946220271;
1263|15|11.0|38|22|74|3946221645;
1222|15|11.0|38|23|74|3946222977;
1200|14|11.4|38|23|74|3946224310;
1162|14|11.4|38|23|74|3946225684;
1125|14|11.8|38|25|74|3946227080;
909|10|18.4|38|29|74|3946228451;
923|5|14.5|38|30|74|3946229835;
853|0|14.9|38|30|74|3946231092;
741|2|15.7|38|30|74|3946232409;
746|2|15.3|38|29|75|3946233712;
745|0|15.3|38|29|75|3946235000;
736|0|15.3|38|29|75|3946236388;
746|0|14.9|39|29|75|3946237766;
750|0|15.3|39|29|75|3946239122;
741|0|14.9|39|29|75|3946240463;
746|0|15.3|39|29|75|3946241902;
747|0|14.9|39|29|75|3946243253;
754|0|15.3|39|29|75|3946244609;
744|0|15.3|39|30|75|3946246000;
762|0|15.3|39|29|75|3946247361;
763|0|14.9|39|29|75|3946248745;
732|0|15.3|39|29|75|3946250072;
755|0|15.3|39|30|75|3946251496;
758|0|15.7|39|30|75|3946252716;
758|0|15.3|39|30|75|3946253972;
773|0|15.3|39|29|75|3946255258;
744|0|14.9|39|30|75|3946256576;
745|0|15.3|39|29|75|3946257841;
742|0|15.3|39|29|75|3946259202;
754|0|15.7|39|29|75|3946260519;
777|0|15.3|39|29|75|3946261934;
780|0|18.4|39|34|75|3946263253;
776|0|19.2|39|34|75|3946264647;
742|0|17.6|39|33|75|3946266033;
754|0|34.9|39|53|75|3946267380;
1046|4|43.9|39|63|75|3946268648;
1451|10|29.8|39|26|75|3946269847;
1328|12|33.3|39|76|75|3946271110;
1197|15|43.9|39|69|75|3946272393;
1589|20|36.5|39|29|75|3946273674;
1374|22|30.6|39|70|75|3946275063;
1428|26|40.4|39|67|75|3946276448;
1656|30|38.4|39|69|75|3946277772;
1893|34|24.7|39|21|75|3946279060;
1953|35|9.8|38|22|75|3946280331;
1890|34|10.6|38|22|76|3946281729;
1841|33|10.6|38|23|76|3946283010;
1744|31|11.0|38|22|75|3946284337;
1658|30|11.0|38|23|75|3946285684;
1587|28|11.4|38|23|75|3946286987;
1504|27|11.0|38|23|75|3946288261;
1440|26|11.4|38|23|75|3946289603;
1372|25|12.5|38|22|75|3946291930;
1143|24|12.9|39|25|75|3946293207;
914|17|17.3|39|33|75|3946294539;
878|12|18.4|39|34|75|3946295890;
913|9|15.3|39|30|75|3946297190;
955|4|15.7|39|54|75|3946298513;
1002|7|36.9|39|54|75|3946299798;
1683|11|15.7|39|24|75|3946301134;
1024|13|61.6|39|98|75|3946302520;
1516|19|49.0|39|83|75|3946303865;
2038|25|10.6|39|22|75|3946305251;
1476|26|45.5|39|78|75|3946306563;
1651|30|44.7|39|78|75|3946307845;
1858|34|44.3|39|75|75|3946309128;
2015|37|38.0|38|69|75|3946310518;
2194|40|35.3|38|23|75|3946311839;
1660|40|30.2|38|56|75|3946313232;
1642|41|35.3|38|63|75|3946314472;
1707|43|32.5|38|58|75|3946315862;
1750|44|32.2|38|59|76|3946317275;
1762|45|32.5|38|58|76|3946318744;
1815|46|31.4|38|57|76|3946320097;
1837|46|14.9|38|21|76|3946321353;
1794|45|9.8|38|23|76|3946322741;
1649|41|11.0|38|23|76|3946324017;
1572|39|11.4|38|41|76|3946325347;
1548|39|28.2|38|52|75|3946326678;
1587|40|29.0|38|52|75|3946327988;
1629|41|29.8|38|53|75|3946329260;
1664|42|29.4|38|54|75|3946330454;
1704|43|28.6|38|22|75|3946331742;
1674|42|10.2|38|22|75|3946332960;
1603|40|22.7|38|41|75|3946334258;
1623|41|20.8|38|22|75|3946335638;
1589|39|10.2|38|21|75|3946336949;
1497|37|12.9|38|25|75|3946338273;
1452|28|10.6|38|23|75|3946339669;
1134|20|13.3|38|27|75|3946340941;
980|13|14.9|38|28|75|3946342261;
941|8|13.7|39|59|75|3946343640;
923|11|38.8|39|56|75|3946344965;
1186|14|13.7|39|34|75|3946346288;
1330|16|27.8|39|51|75|3946347557;
1647|20|27.1|39|25|75|3946348874;
1297|23|11.8|39|23|74|3946350254;
1288|24|11.0|39|22|74|3946351606;
1344|24|10.6|39|22|74|3946352943;
1373|25|10.6|39|22|74|3946354315;
1261|23|11.0|39|22|74|3946355588;
1263|23|10.6|39|53|74|3946356982;
1326|24|55.7|39|99|74|3946358285;
1566|29|60.4|39|110|74|3946359567;
1920|36|67.1|39|114|74|3946360963;
2314|42|63.9|39|28|74|3946362285;
1760|45|9.8|38|19|74|3946363536;
1728|44|9.4|38|21|74|3946364836;
1665|42|10.2|38|32|74|3946366141;
1627|41|23.1|38|52|74|3946367517;
1649|42|33.3|38|65|74|3946368839;
1731|43|44.3|38|75|74|3946370235;
1838|46|41.2|38|72|74|3946371596;
1916|49|34.1|38|61|74|3946372989;
1979|50|34.9|38|63|75|3946374348;
2046|52|10.6|38|21|75|3946375750;
1990|50|11.0|38|23|75|3946377053;
1910|48|10.6|38|22|74|3946378395;
1831|46|10.6|38|23|74|3946379730;
1745|44|11.0|38|23|74|3946381071;
1650|41|11.0|38|23|74|3946382402;
1542|38|11.8|38|24|73|3946383751;
1222|30|13.7|38|27|73|3946385050;
1039|21|14.1|38|27|73|3946386331;
983|14|13.3|38|28|73|3946387644;
965|9|14.1|39|29|73|3946388931;
851|9|45.1|39|76|73|3946390286;
1009|12|38.8|39|50|73|3946391612;
1160|14|14.5|39|27|74|3946392872;
1126|14|12.5|39|37|74|3946394240;
1089|14|31.8|39|52|74|3946395611;
1292|16|29.8|39|51|74|3946396931;
1496|18|27.8|39|49|74|3946398282;
1720|21|25.5|39|22|73|3946399635;
1706|21|11.0|39|23|73|3946401037;
1479|18|11.8|39|24|73|3946402390;
1290|15|12.5|39|25|73|3946403769;
1075|13|12.5|39|25|73|3946405086;
995|12|12.5|39|27|73|3946406461;
944|11|12.5|39|28|73|3946407809;
908|11|15.7|39|31|73|3946409120;
881|7|16.1|39|30|73|3946410444;
910|3|13.7|39|29|74|3946411796;
740|0|15.3|39|30|74|3946413086;
732|0|15.3|39|29|74|3946414479;
743|0|15.3|39|29|74|3946415769;
744|0|14.9|39|29|74|3946417154;
766|0|15.3|39|29|75|3946418510;
776|0|15.3|39|29|75|3946419878;
752|0|15.3|39|29|75|3946421235;
751|0|14.9|39|29|75|3946422585;
755|0|15.7|39|30|75|3946423964;
744|0|15.3|39|29|75|3946425390;
771|0|14.9|39|29|75|3946426700;
750|0|15.3|39|29|75|3946428031;
744|0|14.9|39|29|75|3946429344;
746|0|15.3|39|29|75|3946430673;
775|0|15.3|39|33|75|3946432032;
787|0|18.4|40|34|75|3946433438;
757|0|18.8|40|33|75|3946434801;
731|0|17.6|40|33|75|3946436130;
788|0|31.0|40|55|75|3946437419;
977|5|43.5|40|57|75|3946438779;
1459|10|27.5|40|25|75|3946440180;
1248|11|43.5|40|65|75|3946441520;
1095|13|18.4|40|28|75|3946442876;
1079|13|22.0|40|48|75|3946444202;
1187|14|18.4|40|26|76|3946445560;
1186|14|36.5|40|62|76|3946446918;
1505|18|32.2|40|57|76|3946448259;
1768|22|30.2|40|49|76|3946449520;
1928|24|11.4|39|45|77|3946450894;
2020|25|25.9|39|24|77|3946452260;
1370|25|26.7|39|40|77|3946453541;
1419|26|10.6|39|22|77|3946454874;
1355|24|10.6|39|22|77|3946456215;
1304|23|11.0|39|22|78|3946457537;
1266|23|11.0|39|23|78|3946458942;
1271|22|31.4|39|57|78|3946460262;
1332|24|38.8|39|58|78|3946461647;
1475|26|29.4|39|54|78|3946462974;
1564|28|19.6|39|21|78|3946464355;
1545|28|10.6|39|23|78|3946465573;
1527|26|20.8|39|42|78|3946466801;
1495|27|23.9|39|38|78|3946468107;
1509|28|10.2|40|22|78|3946469467;
1477|27|10.2|40|22|78|3946470803;
1442|26|10.2|40|22|78|3946472141;
1406|25|31.0|40|68|78|3946473523;
1535|28|49.4|40|79|78|3946474900;
1778|33|46.7|40|79|77|3946476283;
2042|37|43.9|40|74|77|3946477597;
2225|41|40.8|39|71|77|3946478897;
2408|44|38.4|39|65|77|3946480219;
2142|45|15.3|39|20|77|3946481521;
1752|44|9.4|39|22|77|3946482860;
1671|42|10.6|39|23|77|3946484246;
1580|40|11.0|39|23|77|3946485630;
1527|38|27.1|39|51|77|3946486960;
1543|39|31.8|39|62|77|3946488285;
1594|40|35.7|39|63|77|3946489580;
1655|42|35.7|39|63|77|3946490903;
1697|43|10.2|39|21|77|3946492255;
1634|41|11.4|39|23|77|3946493485;
1561|39|11.4|39|24|77|3946494745;
1471|37|11.8|39|24|77|3946496004;
1368|34|11.8|39|24|77|3946497389;
1278|32|12.2|39|24|76|3946498856;
1203|30|12.5|39|25|76|3946500200;
1140|28|24.7|39|44|76|3946501448;
1148|29|26.7|39|35|76|3946502704;
1140|28|14.5|39|27|76|3946503934;
1116|28|12.5|39|23|76|3946505232;
1082|27|12.2|40|24|76|3946506470;
1044|26|11.8|40|32|76|3946507831;
1024|25|19.6|40|35|76|3946509060;
1010|25|22.4|40|43|76|3946510397;
1021|25|25.9|40|43|76|3946511710;
1029|25|27.1|40|46|76|3946513017;
1030|26|16.5|40|27|76|3946514342;
992|25|13.3|40|28|76|3946515663;
964|16|13.7|40|29|76|3946517044;
984|8|13.7|40|28|76|3946518236;
926|5|14.1|40|50|76|3946519615;
863|6|57.3|40|83|76|3946520983;
834|10|54.9|40|74|76|3946522365;
1060|13|42.7|41|61|77|3946523691;
1293|16|34.9|41|62|77|3946525027;
1546|19|34.9|41|61|77|3946526299;
1775|22|31.8|41|22|76|3946527618;
1766|21|10.2|40|21|76|3946528960;
1519|18|11.8|40|24|76|3946530264;
1255|15|12.5|40|25|76|3946531608;
1060|12|14.5|40|28|76|3946532936;
970|5|13.7|40|28|76|3946534209;
910|0|14.5|40|29|76|3946535629;
721|0|15.3|40|29|76|3946537036;
731|0|14.9|40|29|76|3946538160;
739|0|15.3|41|29|77|3946539625;
752|0|14.9|41|29|77|3946540892;
745|0|14.9|41|29|77|3946542208;
746|0|14.9|41|29|77|3946543517;
750|0|14.9|41|29|77|3946544807;
753|0|14.9|41|29|77|3946546194;
758|0|14.9|41|29|77|3946547576;
748|0|14.9|41|29|77|3946548865;
747|0|14.9|41|29|77|3946550180;
763|0|14.9|41|29|77|3946551473;
752|0|15.3|41|29|77|3946552739;
760|0|15.3|41|30|77|3946553871;
746|0|15.3|41|30|77|3946555037;
777|0|18.0|41|71|77|3946556344;
1398|0|43.9|41|80|78|3946557631;
1447|10|32.9|41|51|77|3946558812;
1480|12|27.5|41|86|77|3946560097;
1219|15|42.0|41|64|78|3946561407;
1477|19|32.9|41|63|78|3946562710;
1831|22|33.3|41|58|78|3946564081;
2117|26|17.6|41|25|78|3946565338;
1502|27|35.3|41|62|78|3946566722;
1591|29|36.1|41|64|78|3946568052;
1739|31|34.9|41|62|79|3946569383;
1860|34|9.8|41|21|79|3946570730;
1780|32|10.6|40|23|79|3946572021;
1625|29|11.0|40|23|79|3946573228;
1469|26|11.8|40|24|79|3946574537;
1299|23|23.1|41|52|79|3946575878;
1293|23|33.7|41|60|79|3946577244;
1354|24|34.5|41|55|79|3946578685;
1418|26|31.0|41|55|78|3946580090;
1459|26|31.0|41|55|78|3946581515;
1514|27|30.2|41|55|78|3946582809;
1562|28|30.6|41|55|78|3946584068;
1631|29|30.2|41|55|78|3946585275;
1671|30|29.4|41|54|78|3946586298;
1670|31|10.2|41|22|78|3946587403;
1616|29|10.2|41|23|78|3946588585;
1450|26|11.8|41|24|78|3946589781;
1263|22|12.5|41|28|78|3946590962;
1040|16|14.1|41|28|78|3946592269;
1002|8|12.5|41|31|78|3946593578;
880|4|16.1|41|28|78|3946594867;
826|0|14.5|41|30|78|3946596144;
703|0|15.7|41|30|78|3946597369;
712|0|15.3|41|29|78|3946598711;
720|0|15.3|41|29|78|3946600069;
742|0|14.9|41|29|78|3946601402;
749|0|14.9|41|29|78|3946602800;
732|0|14.9|41|29|78|3946604182;
725|0|15.3|41|29|78|3946605400;
751|0|14.9|41|29|78|3946606753;
739|0|15.3|42|29|78|3946608120;
733|0|15.3|42|30|78|3946609486;
756|0|15.3|42|29|78|3946610830;
748|0|15.3|42|31|78|3946612246;
781|0|17.3|42|34|78|3946613560;
746|0|18.4|42|33|78|3946614813;
751|0|17.6|42|35|78|3946616221;
1203|0|43.1|42|72|78|3946617591;
1044|7|46.7|42|65|78|3946618932;
1799|12|20.8|42|25|78|3946620283;
1292|12|63.5|42|99|79|3946621639;
1363|17|48.6|42|78|79|3946623003;
1744|22|38.8|42|67|79|3946624345;
2057|26|37.6|42|36|80|3946625649;
1659|27|10.2|41|54|80|3946626980;
1455|26|32.5|41|59|80|3946628280;
1516|27|34.5|41|60|81|3946629686;
1594|29|33.7|41|61|81|3946630961;
1662|30|29.4|41|54|81|3946632271;
1702|31|10.2|41|22|81|3946633600;
1583|29|9.8|41|23|80|3946634891;
1421|26|11.4|41|24|80|3946636201;
1248|22|12.2|41|25|79|3946637544;
1063|19|12.9|41|26|79|3946638849;
929|16|15.7|41|38|79|3946640165;
1004|12|14.1|41|28|78|3946641481;
969|5|13.3|41|29|78|3946642816;
871|0|14.1|41|29|78|3946644160;
707|0|16.5|42|30|78|3946645544;
718|0|15.3|42|29|78|3946646925;
722|0|15.3|42|29|78|3946648273;
733|0|14.9|42|32|79|3946649669;
785|0|30.6|42|67|79|3946651004;
1025|3|56.5|42|81|79|3946652308;
1388|10|34.5|42|64|79|3946653633;
2110|14|11.8|42|23|79|3946654969;
1231|15|56.1|42|75|79|3946656290;
1450|17|36.5|42|52|79|3946657660;
1494|18|11.0|42|22|79|3946659008;
1289|15|12.5|42|26|80|3946660304;
944|5|14.1|42|47|80|3946661669;
996|6|36.9|42|49|81|3946663004;
1350|9|12.9|42|26|81|3946664357;
956|8|13.7|42|28|81|3946665770;
923|8|13.7|42|28|81|3946667035;
944|8|21.6|42|58|81|3946668414;
834|10|29.8|42|44|81|3946669703;
987|12|25.5|42|33|81|3946671073;
1068|13|14.1|42|28|81|3946672352;
970|7|14.9|42|28|81|3946673596;
941|7|13.3|42|56|81|3946674986;
765|9|52.2|42|65|81|3946676351;
1074|13|20.0|42|30|81|3946677636;
1160|14|13.7|42|26|81|3946679029;
1222|15|11.8|42|23|81|3946680348;
1247|15|11.0|42|22|81|3946681636;
1217|15|11.0|42|22|81|3946682979;
1225|15|11.0|42|22|81|3946684346;
1183|14|10.6|42|22|81|3946685698;
1156|14|11.4|42|23|81|3946687029;
1112|13|11.4|42|23|81|3946688330;
1047|13|16.1|42|46|81|3946689682;
1212|15|25.5|42|46|81|3946690994;
1393|17|22.4|42|26|81|3946692405;
1465|17|11.0|42|23|81|3946693736;
1345|16|11.4|42|22|81|3946695140;
1256|15|11.0|43|24|81|3946696451;
1142|14|12.9|43|28|81|3946697727;
895|7|13.3|43|28|81|3946699098;
909|5|14.1|43|30|81|3946700412;
913|4|28.2|43|55|81|3946701826;
1238|8|25.5|43|36|81|3946703210;
1270|11|12.5|43|27|81|3946704532;
913|11|32.9|43|58|81|3946705909;
1082|13|32.9|43|46|81|3946707220;
1211|15|12.2|43|24|81|3946708587;
1190|14|11.4|43|24|81|3946709975;
1125|14|11.4|43|23|81|3946711360;
1083|13|11.4|43|24|81|3946712720;
1007|12|11.8|43|25|81|3946714052;
862|11|14.1|43|27|81|3946715381;
901|5|13.7|43|30|81|3946716739;
806|0|17.3|43|33|81|3946718122;
726|0|18.0|43|33|81|3946719452;
715|0|18.0|43|52|81|3946720826;
1041|0|25.5|43|38|81|3946722197;
855|4|19.6|43|32|81|3946723591;
910|4|18.4|43|35|81|3946724949;
851|3|18.4|43|33|81|3946726253;
845|4|18.0|43|34|81|3946727648;
871|5|15.3|43|29|82|3946729007;
953|5|14.1|43|27|82|3946730353;
953|5|14.1|43|27|82|3946731669;
953|6|14.1|44|28|82|3946733056;
950|5|14.1|44|47|82|3946734395;
1037|6|14.9|44|26|83|3946735789;
939|0|16.1|44|33|83|3946737172;
735|0|28.6|44|49|83|3946738474;
854|3|31.8|44|43|83|3946739823;
912|5|16.1|44|30|84|3946741187;
877|3|16.9|44|33|84|3946742526;
749|0|17.3|44|32|84|3946743839;
726|0|17.6|44|32|84|3946745199;
720|0|18.0|44|33|84|3946746550;
1060|0|28.2|44|55|84|3946747823;
969|5|41.6|44|56|84|3946749206;
1225|8|26.3|44|36|84|3946750580;
1347|11|12.5|44|26|84|3946751822;
914|11|17.3|44|31|84|3946753184;
964|11|16.5|44|31|84|3946754471;
977|12|16.5|44|31|85|3946755882;
1021|12|16.5|44|30|85|3946757143;
1012|12|15.3|44|28|85|3946758516;
1016|12|14.1|44|28|85|3946759832;
1014|12|21.2|44|41|85|3946761141;
1082|13|23.1|44|40|85|3946762398;
1146|14|22.4|44|39|85|3946763783;
1231|15|14.1|44|24|84|3946765151;
1170|14|11.4|44|24|84|3946766554;
986|12|13.3|44|28|84|3946767889;
906|5|13.7|44|29|84|3946769182;
867|2|16.9|44|32|84|3946770372;
720|0|29.8|44|39|84|3946771652;
984|0|22.7|44|36|84|3946772874;
707|0|18.0|44|33|84|3946774161;
736|0|16.9|44|34|84|3946775479;
735|0|38.4|44|52|84|3946776806;
905|0|18.8|44|40|85|3946778129;
1088|3|36.1|45|65|85|3946779570;
1079|7|29.0|45|40|85|3946780846;
1410|10|10.6|45|23|85|3946782174;
1286|8|14.5|45|37|85|3946783600;
1386|9|16.9|45|31|85|3946784920;
1491|10|16.1|45|31|85|3946786305;
1600|11|15.3|45|22|85|3946787708;
1569|10|10.2|45|24|85|3946789096;
1143|7|13.3|45|34|85|3946790470;
1060|7|15.7|45|27|85|3946791820;
914|7|13.7|45|29|85|3946793124;
922|1|15.7|45|33|85|3946794405;
711|0|39.6|45|60|86|3946795812;
687|2|27.5|45|33|86|3946797205;
710|0|18.8|45|46|86|3946798546;
856|0|22.7|45|38|86|3946799921;
778|0|29.4|45|45|87|3946801390;
721|2|24.3|45|42|87|3946802751;
721|0|22.4|45|38|87|3946804027;
788|0|21.6|45|38|87|3946805368;
797|0|20.0|45|36|87|3946806688;
791|0|19.2|45|36|87|3946808060;
702|0|20.0|45|35|87|3946809357;
784|0|19.2|45|35|87|3946810721;
708|0|17.6|45|32|87|3946811913;
739|0|16.9|45|32|87|3946813191;
737|0|16.1|45|31|87|3946814562;
742|0|16.9|45|32|87|3946815946;
737|0|16.1|45|31|88|3946817301;
758|0|16.9|45|34|88|3946818614;
781|0|19.2|45|36|88|3946819921;
767|0|18.8|45|34|88|3946821163;
751|0|18.4|45|34|88|3946822590;
761|0|18.0|45|35|88|3946823901;
756|0|19.2|45|39|88|3946825035;
789|0|30.6|45|43|88|3946826221;
727|0|22.0|45|38|89|3946827365;
704|0|36.1|45|52|89|3946828557;
747|0|21.6|45|37|89|3946829870;
771|0|20.4|45|47|89|3946831199;
846|0|29.4|45|58|89|3946832530;
782|0|22.4|45|40|89|3946833830;
720|0|21.2|45|57|90|3946835188;
694|0|22.0|45|39|90|3946836530;
767|0|20.8|45|39|90|3946837753;
777|0|33.3|45|42|90|3946838879;
716|0|22.0|45|39|90|3946840116;
798|0|20.8|45|36|90|3946841307;
747|0|19.6|45|67|90|3946842531;
825|0|27.8|45|45|90|3946843769;
697|0|23.1|45|38|90|3946845031;
774|0|20.4|45|52|90|3946846367;
1358|0|20.8|45|41|90|3946847725;
662|0|27.5|45|45|91|3946849018;
708|0|22.7|45|51|91|3946850355;
783|0|23.1|45|40|91|3946851657;
774|0|21.6|45|45|91|3946853051;
1000|0|36.5|45|61|91|3946854365;
725|0|21.6|45|39|91|3946855744;
730|0|20.0|45|36|92|3946857122;
740|0|18.0|45|32|92|3946858438;
714|0|15.7|45|31|92|3946859821;
727|0|17.6|45|33|92|3946861157;
762|0|15.3|45|30|92|3946862580;
741|0|15.7|45|30|92|3946863921;
756|0|15.3|45|30|92|3946865312;
754|0|14.9|45|30|93|3946866673;
754|0|14.5|45|30|93|3946868062;
740|0|14.9|45|30|93|3946869415;
722|0|14.9|45|29|93|3946870779;
739|0|14.1|45|29|93|3946872121;
745|0|14.1|45|29|93|3946873510;
726|0|14.5|46|29|93|3946874871;
725|0|14.1|46|29|93|3946876351;
748|0|14.9|46|28|93|3946877680;
750|0|14.5|46|30|93|3946879021;
742|0|14.5|46|29|93|3946880350;
742|0|14.5|46|29|93|3946881700;
755|0|14.5|46|29|93|3946883040;
734|0|14.5|46|29|93|3946884356;
761|0|14.9|46|29|93|3946885667;
747|0|14.9|46|30|93|3946886987;
740|0|14.9|46|29|93|3946888255;
747|0|14.5|46|29|93|3946889554;
756|0|14.5|46|29|93|3946890913;
746|0|14.5|46|29|93|3946892299;
755|0|14.9|46|28|93|3946893622;
760|0|15.3|46|29|93|3946894820;
734|0|14.1|46|29|93|3946896126;
743|0|14.5|46|29|93|3946897460;
756|0|15.3|46|28|94|3946899538;
750|0|14.1|46|30|94|3946900980;
751|0|14.9|46|29|94|3946902338;
745|0|14.1|46|30|94|3946903679;
727|0|15.3|46|29|94|3946905028;
726|0|14.5|46|29|94|3946906355;
750|0|14.1|46|29|94|3946907688;
738|0|14.5|46|29|94|3946909035;
726|0|14.1|46|29|94|3946910422;
739|0|13.7|46|29|95|3946911764;
724|0|13.3|46|28|95|3946913138;
748|0|14.1|46|29|95|3946914528;
742|0|14.5|46|28|95|3946915857;
747|0|14.1|46|29|95|3946917296;
765|0|14.1|46|29|95|3946918631;
744|0|14.1|46|29|95|3946919933;
758|0|14.1|46|29|95|3946921253;
745|0|14.9|46|29|95|3946922605;
758|0|14.1|46|29|95|3946923955;
753|0|14.9|46|30|95|3946925265;
756|0|14.5|46|29|95|3946926654;
745|0|14.1|47|29|95|3946927924;
737|0|14.9|47|29|95|3946929350;
730|0|14.1|47|29|96|3946930708;
739|0|14.1|47|29|96|3946932022;
729|0|13.7|47|29|96|3946933294;
737|0|13.7|47|29|96|3946934644;
744|0|14.1|47|29|96|3946935942;
734|0|14.1|47|29|96|3946937227;
731|0|13.7|47|29|96|3946938590;
727|0|14.1|47|30|96|3946939921;
729|0|14.5|47|29|96|3946941263;
750|0|13.7|47|29|96|3946942630;
717|0|14.5|47|29|96|3946943986;
740|0|13.7|47|29|96|3946945335;
730|0|14.1|47|29|96|3946946756;
745|0|14.5|47|28|96|3946948110;
741|0|14.1|47|29|96|3946949469;
741|0|14.1|47|29|96|3946950799;
760|0|13.7|47|30|96|3946952183;
743|0|14.1|47|29|96|3946953520;
756|0|14.5|47|29|96|3946954897;
746|0|14.1|47|30|96|3946956334;
743|0|14.1|47|29|96|3946957706;
724|0|13.7|47|29|96|3946959020;
735|0|13.7|47|29|96|3946960474;
732|0|14.1|47|29|96|3946961712;
733|0|13.7|47|30|96|3946962985;
736|0|14.1|47|29|96|3946964307;
728|0|13.7|47|29|96|3946965614;
727|0|14.1|47|29|96|3946967007;
739|0|14.5|47|30|97|3946968315;
732|0|15.3|47|34|97|3946969670;
726|0|19.2|47|35|97|3946971007;
790|0|18.4|47|34|97|3946972356;
781|0|17.6|47|34|97|3946973729;
760|0|16.9|47|32|97|3946975115;
734|0|17.3|47|33|97|3946976420;
728|0|17.3|47|32|97|3946977694;
739|0|18.4|47|32|97|3946979026;
777|0|16.9|47|33|97|3946980435;
734|0|17.6|47|32|97|3946981790;
750|0|16.9|47|34|97|3946983106;
766|0|17.6|47|33|97|3946984326;
774|0|16.9|47|32|97|3946985631;
731|0|16.5|47|33|96|3946986912;
736|0|16.9|47|32|96|3946988267;
749|0|17.3|47|33|96|3946989641;
761|0|17.6|47|32|95|3946990991;
770|0|17.3|48|32|94|3946992392;
735|0|17.3|48|32|93|3946993766;
733|0|16.9|48|33|93|3946995108;
748|0|17.6|48|32|92|3946996508;
743|0|17.3|48|30|92|3946997859;
711|0|14.5|48|29|91|3946999302;
706|0|14.1|48|29|90|3947000517;
714|0|13.7|48|29|90|3947001851;
711|0|14.1|48|29|90|3947003161;
737|0|13.7|48|29|90|3947004438;
736|0|14.1|48|29|89|3947005795;
727|0|13.7|48|29|88|3947007151;
736|0|13.7|48|29|88|3947008430;
732|0|13.7|48|29|88|3947009715;
725|0|13.7|48|29|87|3947011021;
727|0|14.1|48|28|87|3947012335;
727|0|14.1|48|29|87|3947013599;
741|0|13.7|48|29|87|3947014956;
744|0|13.7|48|30|87|3947016245;
734|0|13.7|48|29|87|3947017646;
719|0|14.1|48|28|87|3947019018;
741|0|13.7|48|29|87|3947020223;
727|0|14.1|48|30|87|3947021412;
745|0|14.1|48|29|87|3947022701;
742|0|14.5|48|29|87|3947023936;
717|0|14.9|48|32|87|3947025290;
760|0|14.9|48|29|88|3947026596;
738|0|15.3|48|29|88|3947027815;
750|0|15.3|48|31|88|3947029180;
751|0|15.3|48|32|89|3947030503;
758|0|16.1|48|31|89|3947031874;
741|0|15.7|48|31|89|3947033321;
726|0|15.7|48|35|89|3947034649;
770|0|19.6|48|37|89|3947036000;
708|0|34.5|48|45|90|3947037350;
959|0|20.4|48|42|90|3947038674;
733|0|18.4|48|35|90|3947040001;
733|0|31.0|48|54|90|3947041369;
654|0|27.8|48|46|90|3947042650;
784|0|22.0|48|40|90|3947044050;
747|0|39.6|48|62|90|3947045386;
1006|0|23.1|48|52|90|3947046794;
841|0|22.0|48|38|90|3947048179;
784|0|19.6|48|36|90|3947049521;
677|0|34.1|48|54|91|3947050800;
741|3|23.9|48|46|91|3947051988;
817|4|31.8|48|58|91|3947053368;
1040|7|27.8|48|42|91|3947054711;
1439|10|21.2|48|32|91|3947056031;
1341|11|12.2|48|25|92|3947057316;
1024|10|14.5|48|32|92|3947058713;
887|10|18.0|48|37|92|3947060015;
861|10|21.6|48|39|92|3947061310;
884|10|20.8|48|37|92|3947062603;
888|11|19.6|48|34|92|3947063920;
1003|7|14.9|48|30|92|3947065215;
889|0|17.6|48|33|93|3947066548;
1256|0|17.6|48|50|93|3947067919;
798|5|27.8|48|31|93|3947069204;
1106|5|13.7|48|30|93|3947070508;
880|0|16.5|48|33|93|3947071842;
712|0|43.9|48|70|93|3947073182;
909|0|20.8|48|33|93|3947074461;
729|0|17.6|48|33|93|3947075818;
739|0|16.5|48|32|93|3947077199;
732|0|16.9|48|33|93|3947078589;
748|0|17.6|48|39|93|3947079952;
796|0|17.3|48|33|93|3947081289;
730|0|16.9|48|33|93|3947082655;
738|0|16.9|48|32|93|3947084031;
748|0|17.3|48|33|93|3947085361;
748|0|34.5|48|60|94|3947086734;
993|0|20.0|48|36|94|3947088077;
706|0|17.6|48|34|94|3947089423;
726|0|17.3|48|34|94|3947090791;
741|0|16.9|48|33|95|3947092190;
749|0|17.3|48|33|95|3947093584;
733|0|16.5|48|33|95|3947094825;
740|0|16.9|48|33|95|3947096196;
736|0|17.3|48|66|95|3947097633;
1463|0|32.2|48|68|95|3947099005;
1175|8|28.2|48|46|95|3947100415;
1726|12|23.9|48|41|95|3947101749;
1668|14|14.1|48|85|95|3947103047;
1346|17|35.3|48|62|96|3947104435;
1686|21|32.5|48|60|96|3947105774;
1724|24|10.6|48|37|96|3947106989;
1302|24|33.3|48|57|96|3947108272;
1462|26|30.2|48|57|96|3947109650;
1556|28|29.8|48|55|96|3947111036;
1661|30|29.4|48|54|96|3947112397;
1726|31|9.8|48|22|95|3947113804;
1620|29|11.0|48|24|95|3947115123;
1519|27|11.4|48|24|94|3947116455;
1423|25|11.4|48|24|93|3947117777;
1311|23|11.8|48|24|93|3947119162;
1210|22|12.2|48|25|93|3947120546;
1118|20|11.4|48|24|93|3947121879;
1056|19|12.5|48|27|93|3947123286;
1002|18|14.1|48|27|93|3947124578;
987|13|14.9|48|28|93|3947125931;
1045|8|12.5|48|31|93|3947127254;
871|4|15.7|48|27|93|3947128546;
779|0|14.5|48|30|93|3947129850;
710|0|14.9|48|30|93|3947131146;
707|0|14.9|48|29|93|3947132506;
721|0|14.9|48|29|93|3947133830;
731|0|14.9|48|29|93|3947135101;
759|0|14.5|48|30|93|3947136407;
750|0|14.9|48|30|93|3947137746;
738|0|14.9|48|30|93|3947139055;
735|0|14.9|48|29|93|3947140242;
742|0|14.9|49|30|93|3947141509;
735|0|15.3|49|29|93|3947142791;
753|0|14.9|49|30|93|3947144041;
752|0|15.3|49|30|93|3947145355;
741|0|14.9|49|30|94|3947146620;
738|0|14.9|49|30|94|3947147970;
722|0|14.9|49|30|94|3947149306;
745|0|14.9|49|31|94|3947150633;
766|0|15.3|49|30|94|3947152081;
748|0|15.7|49|32|95|3947153457;
779|0|18.4|49|47|95|3947154770;
1436|0|36.5|49|71|95|3947156095;
1175|8|33.3|49|56|95|3947157467;
1966|14|12.2|49|23|95|3947158777;
1117|14|43.1|49|75|95|3947160023;
1424|18|34.5|49|63|95|3947161346;
1738|21|31.4|49|58|96|3947162643;
2080|25|29.8|49|27|96|3947164020;
1654|28|32.9|48|61|95|3947165387;
1672|31|33.3|48|63|95|3947166730;
1879|34|32.9|48|61|95|3947168039;
2037|37|9.8|48|21|95|3947169431;
2027|36|25.5|48|49|95|3947170789;
2034|37|9.8|48|21|94|3947172036;
1966|36|10.6|48|23|93|3947173410;
1829|33|14.1|48|50|93|3947174829;
1852|34|27.1|48|54|93|3947176152;
1954|36|29.8|48|56|93|3947177460;
2055|37|29.4|48|54|92|3947178806;
2169|39|54.5|48|67|92|3947180180;
2286|42|9.0|48|22|92|3947181493;
2192|40|9.8|48|22|92|3947182873;
2040|37|9.8|48|21|91|3947184331;
1891|34|9.8|48|22|90|3947185677;
1754|32|10.2|48|22|90|3947187039;
1521|27|10.6|48|22|90|3947188387;
1314|23|11.0|48|23|90|3947189770;
1185|21|11.0|48|23|90|3947191091;
1063|19|11.8|48|26|89|3947192403;
1489|17|29.4|48|53|89|3947193685;
1459|18|11.4|48|23|89|3947195008;
1285|15|21.2|48|45|89|3947196311;
1204|15|32.2|49|60|89|3947197666;
1341|16|35.3|49|66|89|3947198920;
1590|19|38.8|49|71|89|3947200240;
1957|24|9.8|49|21|89|3947201615;
1901|23|10.6|49|23|89|3947202985;
1654|20|11.4|49|24|89|3947204321;
1429|17|11.4|49|24|89|3947205644;
1349|17|27.1|49|50|89|3947206993;
1592|20|19.6|49|22|89|3947208297;
1648|20|23.5|49|52|89|3947209660;
1727|21|27.5|49|52|89|3947210987;
1897|23|26.7|49|21|89|3947212274;
1849|23|9.8|49|24|89|3947213541;
1612|20|11.4|49|24|89|3947214856;
1368|16|12.2|49|26|89|3947216240;
1027|11|13.7|49|27|89|3947217631;
1019|3|14.5|49|30|89|3947218963;
800|0|16.5|49|31|89|3947220321;
724|0|16.5|49|32|89|3947221701;
726|0|16.5|49|31|90|3947222882;
740|0|16.1|49|32|90|3947224071;
734|0|16.5|49|32|90|3947225229;
738|0|16.9|49|32|90|3947226431;
1004|0|36.5|49|73|90|3947227791;
1043|8|37.6|50|58|90|3947229038;
1764|12|12.9|50|24|90|3947230327;
984|12|43.1|50|73|90|3947231713;
1299|16|39.2|50|66|91|3947233049;
1611|20|35.7|50|65|91|3947234334;
1888|23|26.3|50|24|91|3947235639;
1468|23|27.8|49|54|91|3947237034;
1317|24|37.3|49|70|91|3947238296;
1438|26|34.9|49|64|91|3947239601;
1560|28|34.5|49|64|91|3947240981;
1679|30|33.7|49|59|91|3947242254;
1770|32|30.6|49|29|91|3947243588;
1775|32|9.8|49|22|90|3947244950;
1603|29|13.3|49|54|90|3947246351;
1601|29|29.4|49|54|90|3947247689;
1682|30|11.8|49|22|90|3947249022;
1592|29|11.0|49|24|90|3947250471;
1425|25|11.8|49|24|89|3947251821;
1258|23|12.5|49|30|89|3947253250;
1666|20|10.6|49|21|89|3947254628;
1488|18|10.2|49|22|88|3947255936;
1326|16|11.8|49|27|88|3947257316;
990|9|13.3|49|27|88|3947258746;
942|3|14.1|49|30|88|3947260048;
812|0|16.5|50|32|89|3947261285;
709|0|29.4|50|41|89|3947262600;
1347|0|38.4|50|72|89|3947263931;
1181|8|32.9|50|60|90|3947265305;
1922|13|32.2|50|30|90|3947266584;
1727|16|15.7|50|90|90|3947267969;
1447|18|34.5|50|48|90|3947269218;
1608|20|27.8|50|37|90|3947270540;
1665|21|10.2|50|22|90|3947271830;
1405|17|11.4|50|25|91|3947273220;
1145|14|12.9|50|53|91|3947274511;
1072|13|44.7|50|69|91|3947275804;
1270|16|13.7|50|24|91|3947277101;
1191|14|12.9|50|56|91|3947278387;
1243|15|38.0|50|65|91|3947279590;
1497|18|39.2|50|67|91|3947281031;
1682|21|9.8|50|21|91|3947282195;
1512|18|11.4|50|24|92|3947283411;
1287|15|12.2|50|25|92|3947284666;
1032|12|11.8|50|25|92|3947285854;
913|11|12.9|50|27|92|3947287082;
929|6|12.9|50|29|92|3947288212;
929|0|12.9|50|28|92|3947289433;
712|0|14.9|50|29|92|3947290746;
705|0|14.9|50|29|92|3947292030;
721|0|14.5|50|29|93|3947293401;
744|0|14.5|50|29|93|3947294755;
736|0|16.5|50|33|93|3947296006;
791|0|43.1|51|76|93|3947297312;
1410|7|40.8|51|62|93|3947298651;
1785|12|33.3|51|25|93|3947300004;
1498|14|45.9|51|72|93|3947301288;
1321|16|45.5|51|75|93|3947302563;
1652|21|38.0|51|67|93|3947303855;
1961|24|32.9|51|60|94|3947305215;
2184|27|30.6|50|22|94|3947306486;
1642|27|29.4|50|58|94|3947307839;
1532|28|34.5|50|64|94|3947309191;
1620|29|34.1|50|63|94|3947310456;
1663|30|10.6|50|22|94|3947311785;
1590|28|27.8|50|52|94|3947313049;
1580|28|29.0|50|54|93|3947314425;
1645|30|29.0|50|55|93|3947315757;
1711|31|29.0|50|55|93|3947317086;
1798|33|28.6|50|54|93|3947318451;
1883|34|29.0|50|52|93|3947319831;
1968|36|48.6|50|111|93|3947321201;
2164|40|10.6|50|20|93|3947322652;
2117|38|10.2|49|22|92|3947324042;
2001|36|21.2|50|43|92|3947325370;
2020|37|23.5|50|45|92|3947326703;
2022|37|23.9|50|77|92|3947328143;
2133|39|61.6|50|104|91|3947329455;
2341|43|22.4|49|20|91|3947330860;
2268|41|10.2|49|22|91|3947332151;
2093|38|14.1|49|28|90|3947333542;
2020|37|15.3|49|32|90|3947334908;
1973|36|16.1|49|33|90|3947336173;
1916|34|30.2|49|56|90|3947337519;
1937|35|29.4|49|55|90|3947338833;
1977|36|29.0|49|55|90|3947340225;
1988|36|28.2|49|54|90|3947341528;
1995|36|29.0|50|54|90|3947342846;
1998|36|9.0|50|21|89|3947344132;
1840|33|11.0|50|24|89|3947345518;
1705|30|23.9|50|49|89|3947346809;
1690|30|32.9|50|72|89|3947348183;
1748|32|38.0|50|72|88|3947349488;
1844|34|36.1|50|61|88|3947350836;
1877|34|9.8|50|22|88|3947352147;
1528|27|13.3|50|74|88|3947353476;
1524|28|58.8|50|103|88|3947354818;
1758|32|34.5|50|22|88|3947356166;
1738|31|9.4|50|23|88|3947357507;
1592|29|11.0|50|23|88|3947358886;
1466|26|11.0|50|23|88|3947360167;
1359|24|11.4|50|24|88|3947361488;
1236|22|11.8|50|24|88|3947362857;
1120|20|13.7|50|47|88|3947364247;
1134|20|32.2|50|39|88|3947365557;
1162|21|13.3|50|25|88|3947366907;
1140|20|11.8|50|24|88|3947368275;
1088|20|11.4|50|24|88|3947369530;
1083|19|11.8|50|24|88|3947370811;
1038|19|11.8|51|24|89|3947372141;
1011|18|29.0|51|59|89|3947373494;
1077|19|36.5|51|48|89|3947374860;
1118|20|12.2|51|24|89|3947376169;
1083|19|12.9|51|40|89|3947377488;
1092|19|33.3|51|58|90|3947378820;
1189|22|32.2|51|56|90|3947380149;
1308|24|30.6|51|55|90|3947381467;
1416|25|27.8|51|51|90|3947382753;
1514|28|22.0|51|23|90|3947383987;
1534|28|10.2|51|21|90|3947385337;
1478|26|10.2|51|22|90|3947386711;
1395|25|10.2|51|22|90|3947388091;
1355|24|11.0|51|23|90|3947389410;
1245|22|27.5|51|56|90|3947390755;
1317|24|32.9|51|57|90|3947392013;
1408|26|29.8|51|54|90|3947393160;
1509|27|29.4|51|56|90|3947394276;
1614|29|38.8|51|73|90|3947395432;
1772|32|42.0|51|76|90|3947396602;
1945|36|42.4|51|76|90|3947397764;
2128|39|36.9|51|69|89|3947399051;
2284|42|13.7|51|23|89|3947400232;
1561|41|9.4|51|21|89|3947401375;
1581|40|10.6|51|23|89|3947402530;
1520|38|10.6|51|39|88|3947403814;
1498|37|25.9|51|50|88|3947405076;
1531|38|13.3|51|22|88|3947406336;
1494|38|9.8|51|24|88|3947407515;
1439|36|11.4|51|24|88|3947408661;
1378|34|11.8|51|24|87|3947409907;
1311|32|11.8|51|24|87|3947411214;
1239|31|12.2|51|24|87|3947412457;
1178|29|12.5|51|25|87|3947413770;
1110|28|12.5|51|25|87|3947415131;
999|25|12.5|51|33|87|3947416527;
1015|18|14.5|51|28|87|3947417830;
1000|15|14.1|51|28|87|3947419188;
805|15|51.8|51|83|87|3947420520;
943|17|44.7|51|67|87|3947421896;
1103|20|37.6|51|62|87|3947423286;
1271|23|35.3|51|68|87|3947424493;
1432|26|35.3|51|61|87|3947425828;
1604|29|31.4|51|41|87|3947427175;
1722|31|10.2|51|22|87|3947428438;
1626|29|11.0|51|24|87|3947429789;
1500|27|11.4|51|23|87|3947431103;
1415|26|17.3|51|35|87|3947432392;
1477|27|19.2|51|36|87|3947433624;
1522|27|19.2|51|37|87|3947435016;
1564|28|19.6|51|22|87|3947436369;
1559|28|10.2|51|21|87|3947437690;
1438|25|11.8|52|25|87|3947439031;
1157|21|12.9|52|27|87|3947440371;
1013|14|13.7|52|28|87|3947441591;
1001|10|14.1|52|26|87|3947442777;
955|6|12.5|52|30|87|3947443962;
881|3|14.5|52|27|87|3947445155;
790|0|14.5|52|29|87|3947446404;
713|0|14.5|52|29|87|3947447741;
715|0|15.3|52|29|87|3947449098;
725|0|14.5|52|29|87|3947450391;
738|0|14.5|52|30|87|3947451650;
742|0|14.5|52|29|87|3947452943;
745|0|14.5|53|29|87|3947454219;
747|0|14.5|53|29|87|3947455482;
741|0|14.5|53|29|88|3947456785;
728|0|14.9|53|29|88|3947458133;
749|0|14.5|53|29|88|3947459388;
738|0|14.5|53|29|88|3947460819;
736|0|14.5|53|29|89|3947462218;
738|0|14.5|53|29|89|3947463552;
744|0|14.5|53|29|89|3947464864;
750|0|14.5|53|29|89|3947466087;
744|0|14.5|53|29|89|3947467358;
721|0|14.5|53|29|90|3947468567;
732|0|16.5|53|33|90|3947469809;
783|0|46.7|53|75|90|3947471012;
1215|4|50.2|53|72|90|3947472197;
1588|11|34.9|54|43|90|3947473392;
1580|14|11.0|53|73|90|3947474649;
1295|15|46.7|53|79|90|3947475855;
1587|20|33.7|53|60|90|3947477042;
1830|23|31.8|53|59|90|3947478218;
2093|26|31.4|53|66|91|3947479501;
2382|30|29.8|53|23|90|3947480794;
1627|30|9.8|52|21|90|3947482131;
1571|28|10.6|52|22|90|3947483531;
1396|25|11.0|52|32|90|3947484853;
1296|23|27.5|52|40|90|3947485974;
1271|23|11.8|52|24|90|3947487204;
1176|21|11.4|52|24|90|3947488403;
1106|19|11.8|52|24|90|3947489578;
997|18|12.2|52|26|90|3947491201;
989|8|13.3|52|25|90|3947492904;
893|4|14.1|52|27|90|3947494200;
755|0|14.5|53|29|90|3947495517;
714|0|14.5|53|29|90|3947496811;
716|0|14.5|53|29|90|3947498078;
726|0|14.1|53|30|90|3947499402;
748|0|14.1|53|29|90|3947500729;
764|0|14.5|53|29|91|3947502110;
748|0|14.5|53|29|91|3947503451;
723|0|14.1|53|29|91|3947504640;
733|0|14.1|53|29|91|3947505971;
769|0|14.5|54|29|91|3947507255;
727|0|14.5|54|29|92|3947508574;
736|0|14.5|54|29|92|3947509848;
728|0|14.5|54|29|92|3947511170;
753|0|14.5|54|29|92|3947512537;
763|0|14.5|54|29|93|3947513827;
732|0|14.5|54|29|93|3947515150;
729|0|14.1|54|29|93|3947516422;
746|0|14.9|54|29|93|3947517707;
766|0|14.5|54|30|93|3947518914;
729|0|14.9|54|29|93|3947520152;
742|0|14.5|54|29|93|3947521397;
748|0|17.3|54|34|93|3947522627;
934|0|33.3|54|70|93|3947523846;
1223|6|47.1|54|64|93|3947525219;
1782|12|33.3|54|50|93|3947526489;
1781|15|23.5|54|89|93|3947527889;
1523|19|55.3|54|94|93|3947529325;
2164|27|10.2|54|26|94|3947530576;
1557|28|49.8|53|93|94|3947532004;
1853|34|47.5|53|86|95|3947533367;
2162|39|39.2|53|64|95|3947534670;
2376|44|35.3|53|21|94|3947535965;
1712|45|35.7|52|68|93|3947537248;
1912|49|32.2|52|37|93|3947538600;
1970|50|24.3|52|50|93|3947539904;
2048|52|26.3|52|49|93|3947541251;
2126|54|25.9|52|52|92|3947542624;
2196|55|26.7|52|34|91|3947543991;
2229|56|9.8|52|23|91|3947545326;
2188|55|14.5|52|30|90|3947546602;
2158|54|16.1|52|33|90|3947547917;
2133|54|10.2|52|22|89|3947549135;
2077|52|10.6|52|23|88|3947550494;
1974|50|10.6|52|23|88|3947551880;
1876|47|10.6|52|23|87|3947553260;
1778|44|10.6|52|23|87|3947554570;
1676|42|11.0|52|23|87|3947555994;
1585|40|11.4|53|24|87|3947557283;
1493|37|11.0|53|30|87|3947558594;
1429|36|28.6|53|56|87|3947559904;
1446|36|31.8|53|57|86|3947561227;
1469|37|31.4|53|58|86|3947562608;
1498|38|32.2|53|58|86|3947563881;
1521|38|31.8|53|77|86|3947565217;
1570|39|44.3|54|80|86|3947566489;
1644|41|44.3|54|80|86|3947567709;
1714|44|44.3|53|80|86|3947568917;
1788|45|43.1|53|79|86|3947570312;
1864|47|39.2|53|71|85|3947571590;
1918|48|39.2|53|71|85|3947572989;
1985|50|38.8|52|71|85|3947574312;
2035|51|38.4|52|70|84|3947575693;
2095|53|38.0|52|69|84|3947577045;
2142|54|36.1|52|53|84|3947578305;
2146|54|11.4|51|50|84|3947579659;
2105|53|29.4|51|56|84|3947581040;
2135|54|35.3|51|69|84|3947582287;
2175|55|52.9|51|103|84|3947583624;
2280|58|59.2|51|105|84|3947584984;
2415|61|58.4|51|105|84|3947586326;
2532|64|56.1|51|101|84|3947587719;
2524|66|9.8|51|23|84|3947589036;
2094|64|46.7|50|82|84|3947590392;
2110|65|45.1|50|82|83|3947591685;
2126|65|45.5|50|78|83|3947593033;
2126|66|35.3|50|56|83|3947594418;
2085|65|9.4|50|36|83|3947595720;
2025|62|28.6|50|55|82|3947597048;
1991|61|31.8|50|59|82|3947598398;
1976|61|31.4|50|58|82|3947599745;
1966|60|31.8|50|58|82|3947601061;
1963|60|31.8|50|59|81|3947602376;
1966|60|9.4|50|21|81|3947603695;
1914|59|10.6|50|36|81|3947605028;
1859|57|19.2|51|21|81|3947606329;
1832|56|10.6|51|23|81|3947607737;
1684|51|11.4|51|24|81|3947609102;
1400|42|12.2|51|24|80|3947610436;
1237|37|14.1|51|29|80|3947611775;
1377|34|11.0|51|23|80|3947613211;
1300|33|10.6|51|22|80|3947614553;
1287|32|11.0|51|23|80|3947615897;
1125|28|11.8|51|25|80|3947617210;
971|19|12.9|52|27|80|3947618577;
1014|11|14.5|52|25|80|3947619941;
921|6|15.3|52|31|80|3947621265;
893|4|14.5|52|28|81|3947622664;
800|4|16.5|52|32|81|3947623984;
837|0|14.9|52|29|81|3947625315;
717|0|14.9|53|29|81|3947626663;
719|0|14.5|53|29|81|3947628031;
722|0|14.1|53|29|81|3947629272;
730|0|14.5|53|30|81|3947630582;
759|0|14.5|53|29|82|3947631982;
738|0|14.1|53|28|82|3947633385;
742|0|14.5|54|29|82|3947634790;
736|0|14.5|54|29|83|3947636072;
733|0|14.5|54|29|83|3947637310;
744|0|14.9|54|29|83|3947638661;
744|0|14.5|54|29|84|3947639978;
733|0|14.5|54|29|84|3947641346;
725|0|14.5|54|29|84|3947642638;
734|0|14.5|54|29|84|3947643964;
759|0|14.9|54|30|84|3947645239;
735|0|14.9|54|29|84|3947646535;
741|0|14.5|54|30|84|3947647814;
755|0|14.9|54|29|84|3947649173;
735|0|14.9|54|29|85|3947650478;
730|0|14.5|54|29|85|3947651908;
736|0|14.9|54|29|85|3947653227;
744|0|14.5|54|29|85|3947654593;
740|0|14.5|54|29|85|3947655981;
748|0|14.5|54|29|86|3947657281;
764|0|17.6|54|61|86|3947658631;
1490|2|43.5|54|81|86|3947659959;
1617|11|34.1|55|24|86|3947661311;
1519|15|43.1|54|88|87|3947662658;
1588|20|50.6|54|86|87|3947664036;
2250|29|9.8|54|29|87|3947665425;
1642|30|46.3|54|91|87|3947666700;
1950|36|47.5|54|85|87|3947667978;
2218|40|46.7|54|82|87|3947669321;
2495|46|39.6|53|21|87|3947670658;
1729|47|39.2|53|81|87|3947671965;
1958|49|41.2|53|76|87|3947673386;
2067|52|41.2|52|75|87|3947674731;
2175|55|40.8|52|72|87|3947675966;
2265|57|38.8|52|72|86|3947677217;
2340|60|38.8|52|70|86|3947678612;
2439|61|35.3|51|22|85|3947679881;
1577|62|8.2|51|20|85|3947681217;
1946|60|9.8|51|29|84|3947682404;
1914|59|14.5|51|32|84|3947683696;
1911|59|9.8|51|21|84|3947685017;
1872|57|11.0|51|23|83|3947686394;
1819|56|11.0|51|23|82|3947687787;
1767|54|10.6|52|23|82|3947689235;
1710|52|10.6|52|23|81|3947690558;
1646|50|11.0|52|23|81|3947691977;
1592|49|11.0|52|23|81|3947693134;
1553|47|12.2|53|31|80|3947694363;
1531|47|15.7|53|29|80|3947695698;
1525|47|10.2|53|21|79|3947697063;
1549|45|9.4|53|22|79|3947698354;
1764|44|11.0|53|23|79|3947699721;
1690|42|11.0|53|23|78|3947701180;
1622|41|11.4|54|23|78|3947702553;
1191|39|12.5|54|28|78|3947703975;
979|37|13.7|54|26|78|3947705366;
1122|28|12.9|54|24|78|3947706592;
1071|20|12.5|54|26|78|3947707753;
905|12|15.3|54|30|78|3947709044;
887|6|16.9|54|31|78|3947710371;
916|3|13.7|54|28|78|3947711750;
737|0|15.3|54|30|78|3947713126;
706|0|14.9|54|29|79|3947714414;
722|0|14.5|54|29|79|3947715712;
739|0|14.9|54|29|79|3947717069;
732|0|14.5|54|32|79|3947718436;
775|0|36.5|55|61|79|3947719790;
1566|3|38.0|55|64|79|3947721095;
1583|11|16.1|55|24|79|3947722472;
1116|12|41.2|55|66|80|3947723758;
1292|16|43.9|55|71|80|3947725100;
1720|21|37.6|55|67|81|3947726435;
2096|26|11.0|54|50|81|3947727793;
1527|28|38.0|54|68|81|3947729025;
1701|30|38.0|54|72|82|3947730281;
1878|34|37.3|54|65|82|3947731640;
2077|38|35.3|54|65|82|3947732948;
2211|40|31.4|54|59|82|3947734321;
2402|43|10.2|54|28|82|3947735630;
1735|44|32.9|54|61|82|3947737012;
1823|46|33.3|54|62|82|3947738441;
1906|48|33.7|53|61|82|3947739824;
1992|50|29.8|53|55|82|3947741172;
2061|52|29.4|53|55|82|3947742508;
2100|53|9.8|53|21|81|3947743731;
2130|52|17.3|53|35|81|3947744870;
2064|53|9.8|53|23|81|3947746227;
2054|52|10.6|53|23|80|3947747513;
2025|51|10.6|53|23|80|3947748878;
1977|49|10.6|53|22|79|3947750192;
1936|49|10.6|53|23|79|3947751522;
1899|48|10.6|53|23|78|3947752981;
1855|46|10.6|54|23|78|3947754345;
1818|46|10.2|54|23|78|3947755631;
1784|45|10.6|54|23|78|3947756986;
1749|44|10.6|54|23|77|3947758402;
1716|43|10.6|54|23|77|3947759749;
1677|42|10.6|54|23|77|3947761099;
1511|38|11.4|54|26|76|3947762479;
1080|28|13.3|54|26|76|3947763824;
1148|19|9.8|54|22|76|3947765161;
1292|16|11.0|54|23|76|3947766461;
1226|15|11.4|54|23|76|3947767769;
1135|14|11.4|54|24|76|3947769068;
1083|13|13.3|55|43|76|3947770453;
1134|14|27.1|55|45|77|3947771786;
1271|16|12.9|55|22|77|3947773180;
1247|15|11.4|55|23|77|3947774545;
1155|14|11.4|55|24|77|3947775856;
1071|13|12.2|55|29|78|3947777162;
991|12|40.0|55|64|78|3947778487;
1151|14|34.9|55|58|78|3947779832;
1335|16|31.4|55|55|78|3947781181;
1596|19|28.6|55|50|78|3947782568;
1697|21|9.8|55|23|78|3947783853;
1528|18|16.5|55|38|79|3947785210;
1527|19|10.6|55|22|79|3947786539;
1357|16|12.2|55|25|79|3947787763;
1005|13|12.9|55|27|79|3947789180;
896|7|13.3|55|30|79|3947790550;
845|0|16.1|55|31|79|3947791952;
699|0|16.9|55|32|79|3947793261;
726|0|16.9|55|32|80|3947794600;
731|0|16.9|55|32|80|3947795834;
732|0|16.9|55|32|80|3947797167;
738|0|16.9|55|33|80|3947798510;
749|0|16.9|56|33|80|3947799881;
739|0|17.3|56|33|80|3947801186;
736|0|17.3|56|33|81|3947802472;
750|0|17.3|56|33|81|3947803686;
757|0|19.6|56|74|81|3947804904;
1192|0|42.7|56|60|81|3947806216;
734|5|52.9|56|74|81|3947807591;
1448|10|26.3|56|26|81|3947808901;
1147|11|51.0|56|74|81|3947810221;
1220|15|40.8|56|67|82|3947811407;
1556|19|36.1|56|66|82|3947812798;
1943|24|33.7|56|24|82|3947814152;
1502|25|29.8|55|54|83|3947815463;
1484|27|29.4|55|53|83|3947816842;
1597|29|29.0|55|54|83|3947818073;
1703|31|28.6|55|53|83|3947819397;
1821|33|26.7|55|22|83|3947820754;
1824|33|10.2|55|23|82|3947822030;
1716|31|12.9|55|30|82|3947823320;
1672|30|15.7|55|22|82|3947824695;
1618|29|9.8|55|24|81|3947825996;
1522|27|11.8|55|24|81|3947827289;
1374|25|13.3|55|27|81|3947828683;
1020|17|14.1|55|28|81|3947829982;
994|8|12.9|55|27|81|3947831271;
904|5|13.3|55|29|81|3947832627;
1212|3|28.2|55|58|82|3947834006;
949|6|36.9|55|53|82|3947835246;
1320|9|27.1|55|50|82|3947836525;
1711|12|25.5|55|24|82|3947837862;
1434|12|30.2|56|69|82|3947839190;
1139|14|46.7|56|82|82|3947840523;
1480|18|41.6|56|78|83|3947841875;
1854|23|46.7|55|68|83|3947843219;
1765|26|9.8|55|59|83|3947844507;
1446|26|56.9|55|108|83|3947845780;
1683|31|62.7|55|111|83|3947847123;
1934|35|26.3|54|54|83|3947848400;
1996|36|32.5|54|65|83|3947849750;
2093|38|44.7|54|107|82|3947851133;
2317|42|58.8|54|31|82|3947852463;
1809|43|9.4|53|48|82|3947853808;
1684|42|33.3|53|71|82|3947855113;
1691|42|38.0|53|68|81|3947856435;
1703|43|33.3|53|55|81|3947857856;
1658|42|28.2|53|53|81|3947859190;
1543|39|29.4|53|53|81|3947860478;
1450|36|30.2|53|54|81|3947861880;
1366|34|31.0|53|44|80|3947863321;
1531|31|9.8|53|23|80|3947864598;
1513|27|11.4|53|24|80|3947865972;
1283|23|12.5|53|25|79|3947867317;
1026|18|14.1|53|27|79|3947868670;
1008|11|14.9|53|27|79|3947869995;
964|5|12.9|54|29|79|3947871449;
875|0|22.4|54|53|79|3947872740;
867|2|24.3|54|30|79|3947874073;
708|0|17.3|54|33|79|3947875409;
703|0|16.9|54|32|79|3947876788;
730|0|16.9|54|32|79|3947878180;
729|0|16.9|54|33|80|3947879544;
735|0|18.0|54|32|80|3947880878;
735|0|15.7|54|30|80|3947882202;
733|0|14.9|54|30|80|3947883603;
685|0|17.6|54|33|81|3947884881;
711|0|17.6|55|34|81|3947886232;
742|0|17.6|55|35|81|3947887585;
796|0|16.5|55|36|81|3947888932;
797|0|20.0|55|36|81|3947890280;
781|0|54.1|55|55|82|3947891642;
1177|0|21.2|55|35|82|3947892979;
1088|1|21.6|55|70|82|3947894333;
1152|0|16.1|55|50|83|3947895685;
1295|0|15.7|56|32|83|3947897080;
793|0|14.9|56|30|83|3947898413;
703|0|14.5|56|28|84|3947899817;
727|0|13.7|56|28|84|3947900987;
728|0|13.7|56|28|84|3947902310;
734|0|13.7|56|28|84|3947903438;
735|0|13.7|56|29|84|3947904743;
759|0|13.7|56|28|84|3947906208;
729|0|14.1|56|28|84|3947907602;
733|0|14.1|56|28|84|3947908896;
746|0|14.1|56|28|85|3947910280;
754|0|14.1|56|28|85|3947911649;
736|0|14.1|56|28|85|3947912859;
